1 1 1 1 1 1 1 1 1 1 1 1 1 1 1 1 1 1 1 1 1 1 1 1 1 1 1 1 1 1 1 1 1 1 1 1 1 1 1 1 1 1 1 1 1 1 1 1 1 1 1 1 1 1 1 1 1 1 1 1 1 1 1 1 
1 1 1 1 1 1 1 1 1 1 1 1 1 1 1 1 1 1 1 1 1 1 1 1 1 1 1 1 1 1 1 1 1 1 1 1 1 1 1 1 1 1 1 1 1 1 1 1 1 1 1 1 1 1 1 1 1 1 1 1 1 1 1 1 
1 1 1 1 1 1 1 1 1 1 1 1 1 1 1 1 1 1 1 1 1 1 1 1 1 1 1 1 1 1 1 1 1 1 1 1 1 1 1 1 1 1 1 1 1 1 1 1 1 1 1 1 1 1 1 1 1 1 1 1 1 1 1 1 
1 1 1 1 1 1 1 1 1 1 1 1 1 1 1 1 1 1 1 1 1 1 1 1 1 1 1 1 1 1 1 1 1 1 1 1 1 1 1 1 1 1 1 1 1 1 1 1 1 1 1 1 1 1 1 1 1 1 1 1 1 1 1 1 
1 1 1 1 1 1 1 1 1 1 1 1 1 1 1 1 1 1 1 1 1 1 1 1 1 1 1 1 1 1 1 1 1 1 1 1 1 1 1 1 1 1 1 1 1 1 1 1 1 1 1 1 1 1 1 1 1 1 1 1 1 1 1 1 
1 1 1 1 1 1 1 1 1 1 1 1 1 1 1 1 1 1 1 1 1 1 1 1 1 1 1 1 1 1 1 1 1 0.111 1 1 1 1 1 1 1 1 1 1 1 1 1 1 1 1 1 1 1 1 1 1 1 1 1 1 1 1 1 1 
1 1 1 1 1 1 1 1 1 1 1 1 1 1 1 1 1 1 1 1 1 1 1 1 1 1 1 1 1 1 1 0.028999999 0.057999998 0.103 0.146 1 1 1 1 1 1 1 1 1 1 1 1 1 1 1 1 1 1 1 1 1 1 1 1 1 1 1 1 1 
1 1 1 1 1 1 1 1 1 1 1 1 1 1 1 1 1 1 1 1 1 1 1 1 1 1 1 1 1 1 -0.0099999998 0.023 0.064000003 0.104 0.13500001 0.17900001 1 1 1 1 1 1 1 1 1 1 1 1 1 1 1 1 1 1 1 1 1 1 1 1 1 1 1 1 
1 1 1 1 1 1 1 1 1 1 1 1 0.46399999 0.43000001 0.44499999 0.47099999 0.505 1 1 1 1 1 1 1 1 1 1 1 -0.037 -0.030999999 -0.0040000002 0.037 0.071000002 0.097000003 0.126 0.15899999 1 1 1 1 1 1 1 1 1 1 1 1 1 1 1 1 1 1 1 1 1 1 1 1 1 1 1 1 
1 1 1 1 1 1 1 1 1 1 1 1 0.38100001 0.36300001 0.38600001 0.421 0.46599999 0.52700001 1 1 1 1 1 1 1 1 1 -0.068999998 -0.064999998 -0.030999999 0.011 0.041000001 0.068000004 0.090999998 0.114 0.139 0.199 1 1 1 1 1 1 1 1 1 1 1 1 1 1 1 1 1 1 1 1 1 1 1 1 1 1 1 
1 1 1 1 1 1 1 1 1 1 1 1 0.32600001 0.28999999 0.30399999 0.35600001 0.41600001 0.493 1 1 1 1 1 1 1 -0.078000002 -0.097000003 -0.092 -0.055 -0.015 0.016000001 0.039999999 0.061999999 0.079000004 0.098999999 0.118 0.169 1 1 1 1 1 1 1 1 1 1 1 1 1 1 1 1 1 1 1 1 1 1 1 1 1 1 1 
1 1 1 1 1 1 1 1 1 1 1 1 0.259 0.212 0.20900001 0.249 0.354 0.45500001 1 1 1 1 1 1 -0.109 -0.121 -0.116 -0.082999997 -0.041999999 -0.012 0.013 0.028999999 0.046 0.063000001 0.082000002 0.097000003 0.148 1 1 1 1 1 1 1 1 1 1 1 1 1 1 1 1 1 1 1 1 1 1 1 1 1 1 1 
1 1 1 1 1 1 1 1 1 1 1 1 0.18700001 0.14300001 0.13699999 0.162 0.23800001 0.41 1 1 1 1 -0.077 -0.13500001 -0.14399999 -0.13699999 -0.112 -0.071000002 -0.039999999 -0.021 -0.0040000002 0.013 0.025 0.039000001 0.052999999 0.071999997 1 1 1 1 1 1 1 1 1 1 1 1 1 1 1 1 1 1 1 1 1 1 1 1 1 1 1 1 
1 1 1 1 1 1 1 1 1 1 1 1 0.127 0.077 0.068999998 0.092 0.153 0.34999999 1 1 1 -0.127 -0.156 -0.164 -0.15800001 -0.13699999 -0.104 -0.072999999 -0.055 -0.041999999 -0.029999999 -0.017000001 -0.0049999999 0.0070000002 0.023 0.061999999 1 1 1 1 1 1 1 1 1 1 1 1 1 1 1 1 1 1 1 1 1 1 1 1 1 1 1 1 
1 1 1 1 1 1 1 1 1 1 1 1 0.075000003 0.02 0.0040000002 0.029999999 0.086000003 0.189 1 1 -0.149 -0.178 -0.184 -0.177 -0.164 -0.13 -0.11 -0.096000001 -0.088 -0.081 -0.071000002 -0.061999999 -0.041999999 -0.022 0.033 1 1 1 1 1 1 1 1 1 1 1 1 1 1 1 1 1 1 1 1 1 1 1 1 1 1 1 1 1 
1 1 1 1 1 1 1 1 1 1 1 1 0.033 -0.037 -0.048999999 -0.021 0.028999999 0.122 1 -0.169 -0.20100001 -0.204 -0.2 -0.186 -0.15899999 -0.14399999 -0.14300001 -0.139 -0.126 -0.111 -0.093000002 -0.067000002 -0.028000001 1 1 1 1 1 1 1 1 1 1 1 1 1 1 1 1 1 1 1 1 1 1 1 1 1 1 1 1 1 1 1 
1 1 1 1 1 1 1 1 1 1 1 1 -0.041000001 -0.366 -0.375 -0.38299999 -0.38100001 -0.36000001 -0.28099999 -0.244 -0.23899999 -0.227 -0.213 -0.192 -0.18099999 -0.167 -0.149 -0.12899999 -0.11 -0.086999997 1 1 1 1 1 1 1 1 1 1 1 1 1 1 1 1 1 1 1 1 1 1 1 1 1 1 1 1 1 1 1 1 1 1 
1 1 1 1 1 1 1 1 1 -0.361 -0.41299999 -0.44600001 -0.46700001 -0.477 -0.484 -0.486 -0.48300001 -0.47799999 -0.463 -0.43000001 -0.32699999 -0.23999999 -0.221 -0.20200001 -0.18099999 -0.15899999 -0.13600001 -0.107 1 1 1 1 1 1 1 1 1 1 1 1 1 1 1 1 1 1 1 1 1 1 1 1 1 1 1 1 1 1 1 1 1 1 1 1 
1 1 1 1 1 1 1 1 -0.40200001 -0.44600001 -0.48199999 -0.50800002 -0.52200001 -0.53200001 -0.53399998 -0.52899998 -0.52399999 -0.50999999 -0.495 -0.45199999 -0.38800001 -0.27399999 -0.22400001 -0.19599999 -0.168 -0.13699999 1 1 1 1 1 1 1 1 1 1 1 1 1 1 1 1 1 1 1 1 1 1 1 1 1 1 1 1 1 1 1 1 1 1 1 1 1 1 
1 1 1 1 1 1 1 -0.37200001 -0.44800001 -0.49700001 -0.52700001 -0.55299997 -0.56599998 -0.57200003 -0.56800002 -0.56 -0.542 -0.523 -0.498 -0.456 -0.39500001 -0.27200001 -0.20900001 -0.17399999 1 1 1 1 1 1 1 1 1 1 1 1 1 1 1 1 1 1 1 1 1 1 1 1 1 1 1 1 1 1 1 1 1 1 1 1 1 1 1 1 
1 1 1 1 1 1 1 -0.396 -0.49000001 -0.53600001 -0.56599998 -0.58499998 -0.59899998 -0.60299999 -0.59399998 -0.58200002 -0.55699998 -0.52399999 -0.49700001 -0.45899999 -0.39899999 -0.27700001 -0.175 1 1 1 1 1 1 1 1 1 1 1 1 1 1 1 1 1 1 1 1 1 1 1 1 1 1 1 1 1 1 1 1 1 1 1 1 1 1 1 1 1 
1 1 1 1 1 1 1 -0.39399999 -0.52399999 -0.56999999 -0.59600002 -0.616 -0.625 -0.62599999 -0.616 -0.597 -0.56199998 -0.51999998 -0.49000001 -0.45199999 -0.41600001 -0.30899999 1 1 1 1 1 1 1 1 1 1 1 1 1 1 1 1 1 1 1 1 1 1 1 1 1 1 1 1 1 1 1 1 1 1 1 1 1 1 1 1 1 1 
1 1 1 1 1 1 1 -0.345 -0.55199999 -0.59600002 -0.625 -0.64300001 -0.64899999 -0.64600003 -0.634 -0.60900003 -0.56599998 -0.514 -0.48500001 -0.463 -0.43000001 -0.34900001 1 1 1 1 1 1 1 1 1 1 1 1 1 1 1 1 1 1 1 1 1 1 1 1 1 1 1 1 1 1 1 1 1 1 1 1 1 1 1 1 1 1 
1 1 1 1 1 1 1 -0.345 -0.57599998 -0.61900002 -0.64600003 -0.66500002 -0.667 -0.66299999 -0.64600003 -0.61799997 -0.57200003 -0.51899999 -0.49700001 -0.47799999 -0.44800001 -0.398 -0.303 1 1 1 1 1 1 1 1 1 1 1 1 1 1 1 1 1 1 1 1 1 1 1 1 1 1 1 1 1 1 1 1 1 1 1 1 1 1 1 1 1 
1 1 1 1 1 1 1 -0.41299999 -0.59600002 -0.64099997 -0.66600001 -0.68000001 -0.68300003 -0.67500001 -0.65700001 -0.62699997 -0.57999998 -0.542 -0.51899999 -0.5 -0.47400001 -0.433 -0.37400001 1 1 1 1 1 1 1 1 1 1 1 1 1 1 1 1 1 1 1 1 1 1 1 1 1 1 1 1 1 1 1 1 1 1 1 1 1 1 1 1 1 
1 1 1 1 1 1 1 -0.53200001 -0.61500001 -0.65100002 -0.68000001 -0.69099998 -0.69199997 -0.685 -0.66900003 -0.64499998 -0.60399997 -0.56199998 -0.54000002 -0.51999998 -0.49200001 -0.45899999 -0.41 -0.322 1 1 1 1 1 1 1 1 1 1 1 1 1 -0.301 -0.33399999 -0.347 -0.35299999 -0.34900001 -0.34 -0.30399999 1 1 1 1 1 1 1 1 1 1 1 1 1 1 1 1 1 1 1 1 
1 1 1 1 1 1 -0.37799999 -0.57800001 -0.625 -0.65899998 -0.68099999 -0.69599998 -0.69599998 -0.69 -0.68099999 -0.66399997 -0.62800002 -0.57599998 -0.55599999 -0.53600001 -0.50599998 -0.47299999 -0.42899999 -0.35699999 -0.29699999 -0.28200001 -0.248 1 1 1 1 1 1 -0.31400001 -0.35600001 -0.38100001 -0.40400001 -0.417 -0.42500001 -0.42899999 -0.42899999 -0.42699999 -0.421 -0.41299999 -0.39500001 -0.354 1 1 1 1 1 1 1 1 1 1 1 1 1 1 1 1 1 1 
1 1 1 1 1 1 -0.403 -0.59600002 -0.62800002 -0.65799999 -0.67299998 -0.68900001 -0.69499999 -0.69700003 -0.69199997 -0.67900002 -0.648 -0.59799999 -0.56800002 -0.54799998 -0.51800001 -0.48300001 -0.43799999 -0.38999999 -0.35100001 -0.35499999 -0.35800001 -0.345 -0.32300001 -0.30899999 -0.31200001 -0.34200001 -0.37200001 -0.398 -0.426 -0.44400001 -0.458 -0.46599999 -0.47099999 -0.47 -0.47 -0.47099999 -0.46599999 -0.458 -0.44600001 -0.42699999 -0.40000001 -0.36300001 1 1 1 1 1 1 1 1 1 1 1 1 1 1 1 1 
1 1 1 1 1 1 -0.40000001 -0.60399997 -0.63200003 -0.65100002 -0.65899998 -0.67500001 -0.69199997 -0.70099998 -0.69999999 -0.68900001 -0.65700001 -0.60399997 -0.56699997 -0.546 -0.51999998 -0.48500001 -0.43900001 -0.40400001 -0.40200001 -0.40700001 -0.412 -0.40099999 -0.384 -0.382 -0.38999999 -0.414 -0.43599999 -0.456 -0.472 -0.48899999 -0.49700001 -0.50400001 -0.50400001 -0.50400001 -0.50099999 -0.498 -0.49700001 -0.493 -0.48100001 -0.46200001 -0.454 -0.43099999 -0.39399999 -0.23899999 1 1 1 1 1 1 1 1 1 1 1 1 1 1 
1 1 1 1 1 1 -0.36899999 -0.59600002 -0.63099998 -0.64700001 -0.65200001 -0.66399997 -0.68599999 -0.69800001 -0.69700003 -0.68599999 -0.65100002 -0.59399998 -0.55500001 -0.53500003 -0.509 -0.477 -0.44600001 -0.433 -0.43700001 -0.43900001 -0.442 -0.44100001 -0.42899999 -0.435 -0.45100001 -0.465 -0.47999999 -0.495 -0.50999999 -0.51700002 -0.52200001 -0.52700001 -0.53200001 -0.52999997 -0.52600002 -0.52200001 -0.51800001 -0.50999999 -0.50199997 -0.495 -0.48500001 -0.46799999 -0.442 -0.40599999 -0.30700001 1 1 1 1 1 1 1 1 1 1 1 1 1 
1 1 1 1 1 1 1 -0.57999998 -0.61900002 -0.639 -0.64700001 -0.65399998 -0.67699999 -0.685 -0.68599999 -0.676 -0.62900001 -0.56699997 -0.53500003 -0.51800001 -0.49399999 -0.47400001 -0.465 -0.46700001 -0.46900001 -0.47 -0.46599999 -0.46700001 -0.46799999 -0.47099999 -0.47799999 -0.49200001 -0.50800002 -0.51800001 -0.52999997 -0.53899997 -0.54400003 -0.54799998 -0.54900002 -0.55199999 -0.55000001 -0.54299998 -0.53600001 -0.528 -0.51999998 -0.51200002 -0.50300002 -0.49000001 -0.472 -0.447 -0.40900001 -0.28999999 1 1 1 1 1 1 1 1 1 1 1 1 
1 1 1 1 1 1 1 -0.31099999 -0.58499998 -0.61500001 -0.62400001 -0.63300002 -0.64999998 -0.65899998 -0.65899998 -0.634 -0.57700002 -0.52999997 -0.51499999 -0.50400001 -0.50099999 -0.498 -0.49599999 -0.495 -0.495 -0.49200001 -0.48899999 -0.48800001 -0.49200001 -0.5 -0.50700003 -0.51999998 -0.53299999 -0.54100001 -0.54900002 -0.55599999 -0.56099999 -0.56400001 -0.56599998 -0.56800002 -0.565 -0.55900002 -0.55000001 -0.54100001 -0.53299999 -0.52899998 -0.51999998 -0.50700003 -0.495 -0.47600001 -0.44499999 -0.39899999 1 1 1 1 1 1 1 1 1 1 1 1 
1 1 1 1 1 1 1 1 -0.28 -0.38699999 -0.574 -0.59500003 -0.60600001 -0.60299999 -0.58700001 -0.54500002 -0.53100002 -0.523 -0.52200001 -0.51999998 -0.52100003 -0.52100003 -0.52100003 -0.52100003 -0.51899999 -0.51599997 -0.50999999 -0.51099998 -0.51599997 -0.52499998 -0.53100002 -0.54100001 -0.55199999 -0.55900002 -0.56400001 -0.57300001 -0.57800001 -0.579 -0.58099997 -0.579 -0.57599998 -0.56800002 -0.55800003 -0.54799998 -0.55000001 -0.546 -0.537 -0.52700001 -0.51599997 -0.498 -0.47299999 -0.433 -0.37099999 1 1 1 1 1 1 1 1 1 1 1 
1 1 1 1 1 1 1 1 1 -0.354 -0.41499999 -0.46200001 -0.51200002 -0.53500003 -0.528 -0.52700001 -0.53399998 -0.54100001 -0.54000002 -0.54000002 -0.54299998 -0.54000002 -0.54299998 -0.54400003 -0.542 -0.53299999 -0.52499998 -0.53100002 -0.53799999 -0.54400003 -0.55000001 -0.56099999 -0.56699997 -0.57300001 -0.579 -0.58399999 -0.58899999 -0.58899999 -0.58999997 -0.58600003 -0.58200002 -0.574 -0.56699997 -0.56300002 -0.56599998 -0.56400001 -0.55500001 -0.54400003 -0.53100002 -0.51599997 -0.493 -0.458 -0.41499999 -0.315 1 1 1 1 1 1 1 1 1 1 
1 1 1 1 1 1 1 1 1 -0.375 -0.42699999 -0.46399999 -0.5 -0.51899999 -0.52899998 -0.53899997 -0.55000001 -0.55599999 -0.55900002 -0.55900002 -0.55900002 -0.55400002 -0.55500001 -0.56199998 -0.55599999 -0.54500002 -0.54299998 -0.54900002 -0.55599999 -0.56199998 -0.56999999 -0.57800001 -0.58099997 -0.583 -0.58499998 -0.59100002 -0.59200001 -0.59500003 -0.59600002 -0.59399998 -0.58700001 -0.583 -0.58899999 -0.59399998 -0.59799999 -0.59200001 -0.58099997 -0.56400001 -0.54699999 -0.52999997 -0.51200002 -0.479 -0.43799999 -0.38299999 1 1 1 1 1 1 1 1 1 1 
1 1 1 1 1 1 1 1 -0.33000001 -0.40099999 -0.442 -0.47400001 -0.50400001 -0.52499998 -0.542 -0.55299997 -0.56300002 -0.56900001 -0.57300001 -0.574 -0.57300001 -0.56900001 -0.56900001 -0.57300001 -0.56599998 -0.55800003 -0.56 -0.56699997 -0.57300001 -0.57999998 -0.58399999 -0.59299999 -0.59299999 -0.59200001 -0.59299999 -0.59600002 -0.59500003 -0.59600002 -0.597 -0.59799999 -0.59899998 -0.60600001 -0.61500001 -0.625 -0.62300003 -0.61799997 -0.60799998 -0.59100002 -0.56900001 -0.55000001 -0.52600002 -0.5 -0.46000001 -0.41499999 -0.29800001 1 1 1 1 1 1 1 1 1 
1 1 1 1 1 1 1 1 -0.354 -0.41499999 -0.45199999 -0.48500001 -0.51099998 -0.53500003 -0.55199999 -0.565 -0.57300001 -0.57800001 -0.58399999 -0.58499998 -0.58399999 -0.583 -0.58399999 -0.579 -0.574 -0.56999999 -0.57499999 -0.583 -0.58899999 -0.58899999 -0.59500003 -0.60000002 -0.60100001 -0.60100001 -0.61400002 -0.63 -0.64300001 -0.65100002 -0.65700001 -0.65399998 -0.64499998 -0.64399999 -0.64200002 -0.63999999 -0.63999999 -0.63200003 -0.62400001 -0.61199999 -0.59200001 -0.56999999 -0.55000001 -0.51999998 -0.48199999 -0.43599999 -0.36500001 1 1 1 1 1 1 1 1 1 
1 1 1 1 1 1 1 1 -0.366 -0.42399999 -0.46000001 -0.493 -0.51800001 -0.54699999 -0.56199998 -0.57300001 -0.579 -0.588 -0.59399998 -0.59200001 -0.59200001 -0.59299999 -0.597 -0.583 -0.57800001 -0.579 -0.58600003 -0.59399998 -0.602 -0.59799999 -0.59899998 -0.61000001 -0.62300003 -0.653 -0.67500001 -0.68800002 -0.69499999 -0.69999999 -0.70099998 -0.69800001 -0.69099998 -0.68000001 -0.667 -0.65799999 -0.64899999 -0.63999999 -0.63200003 -0.625 -0.60900003 -0.583 -0.565 -0.53799999 -0.5 -0.45699999 -0.39399999 1 1 1 1 1 1 1 1 1 
1 1 1 1 1 1 1 1 -0.37799999 -0.426 -0.465 -0.49700001 -0.52600002 -0.55400002 -0.56999999 -0.57700002 -0.58899999 -0.597 -0.60399997 -0.60299999 -0.59799999 -0.59799999 -0.59899998 -0.58899999 -0.579 -0.58099997 -0.59100002 -0.59899998 -0.60299999 -0.60600001 -0.60699999 -0.64200002 -0.68199998 -0.69800001 -0.713 -0.71899998 -0.72299999 -0.72399998 -0.72299999 -0.72000003 -0.713 -0.70300001 -0.69099998 -0.68199998 -0.67299998 -0.65600002 -0.63999999 -0.63300002 -0.62 -0.59899998 -0.57800001 -0.55299997 -0.51599997 -0.47400001 -0.41499999 -0.30700001 1 1 1 1 1 1 1 1 
1 1 1 1 1 1 1 1 -0.36899999 -0.42300001 -0.463 -0.49900001 -0.53100002 -0.55699998 -0.57200003 -0.583 -0.59799999 -0.60900003 -0.611 -0.60900003 -0.60500002 -0.602 -0.60000002 -0.58899999 -0.58099997 -0.58399999 -0.59399998 -0.597 -0.59899998 -0.60100001 -0.63700002 -0.67799997 -0.70499998 -0.72100002 -0.73199999 -0.73500001 -0.73699999 -0.73799998 -0.73299998 -0.73000002 -0.72399998 -0.71799999 -0.70999998 -0.70200002 -0.68900001 -0.66600001 -0.64700001 -0.64099997 -0.62699997 -0.60799998 -0.588 -0.565 -0.53100002 -0.48199999 -0.42699999 -0.34900001 1 1 1 1 1 1 1 1 
1 1 1 1 1 1 1 1 -0.352 -0.417 -0.458 -0.49900001 -0.53100002 -0.55400002 -0.57300001 -0.58899999 -0.59799999 -0.60500002 -0.60799998 -0.60500002 -0.60600001 -0.61000001 -0.60500002 -0.59399998 -0.58200002 -0.58600003 -0.58999997 -0.58999997 -0.59500003 -0.61199999 -0.65799999 -0.699 -0.722 -0.73299998 -0.73900002 -0.74000001 -0.741 -0.74199998 -0.74000001 -0.73900002 -0.736 -0.73000002 -0.72399998 -0.71399999 -0.69599998 -0.67400002 -0.65600002 -0.64700001 -0.63300002 -0.61000001 -0.58700001 -0.57300001 -0.53600001 -0.491 -0.43599999 -0.36199999 1 1 1 1 1 1 1 1 
1 1 1 1 1 1 1 1 1 -0.398 -0.458 -0.49700001 -0.528 -0.54799998 -0.56800002 -0.58399999 -0.597 -0.60100001 -0.602 -0.60299999 -0.61000001 -0.611 -0.60799998 -0.59799999 -0.58200002 -0.588 -0.59200001 -0.58399999 -0.58600003 -0.61799997 -0.671 -0.713 -0.73199999 -0.74199998 -0.74199998 -0.745 -0.74599999 -0.74299997 -0.74299997 -0.74299997 -0.74400002 -0.73900002 -0.73100001 -0.71799999 -0.69599998 -0.68099999 -0.667 -0.65499997 -0.639 -0.61299998 -0.58700001 -0.57099998 -0.53399998 -0.493 -0.442 -0.37200001 1 1 1 1 1 1 1 1 
1 1 1 1 1 1 1 1 1 -0.36199999 -0.44499999 -0.486 -0.51599997 -0.53799999 -0.55900002 -0.574 -0.588 -0.59399998 -0.59500003 -0.602 -0.60699999 -0.60399997 -0.59899998 -0.59100002 -0.58200002 -0.588 -0.58899999 -0.57999998 -0.57700002 -0.616 -0.68099999 -0.71899998 -0.73699999 -0.74699998 -0.74199998 -0.74699998 -0.74900001 -0.74699998 -0.74699998 -0.74699998 -0.74400002 -0.73799998 -0.72799999 -0.71200001 -0.70099998 -0.68900001 -0.676 -0.662 -0.64200002 -0.61500001 -0.58999997 -0.56900001 -0.53399998 -0.493 -0.44299999 -0.38100001 1 1 1 1 1 1 1 1 
1 1 1 1 1 1 1 1 1 -0.31299999 -0.417 -0.46700001 -0.49900001 -0.52399999 -0.546 -0.56099999 -0.57499999 -0.58200002 -0.588 -0.597 -0.60000002 -0.59500003 -0.59299999 -0.583 -0.57999998 -0.58499998 -0.58499998 -0.57599998 -0.57099998 -0.61199999 -0.67000002 -0.71200001 -0.73199999 -0.73900002 -0.74000001 -0.74800003 -0.75099999 -0.75199997 -0.75099999 -0.74699998 -0.741 -0.73299998 -0.72600001 -0.71499997 -0.708 -0.69999999 -0.68699998 -0.667 -0.64600003 -0.62 -0.59399998 -0.56599998 -0.53299999 -0.493 -0.44400001 -0.38100001 1 1 1 1 1 1 1 1 
1 1 1 1 1 1 1 1 1 1 -0.35499999 -0.43599999 -0.47600001 -0.505 -0.52999997 -0.54500002 -0.55900002 -0.57200003 -0.57999998 -0.58399999 -0.58499998 -0.58899999 -0.58700001 -0.57800001 -0.583 -0.583 -0.579 -0.57200003 -0.56699997 -0.58700001 -0.64600003 -0.69800001 -0.71799999 -0.73100001 -0.73699999 -0.74299997 -0.74800003 -0.75400001 -0.75700003 -0.755 -0.741 -0.73500001 -0.72799999 -0.72000003 -0.71200001 -0.70099998 -0.68599999 -0.66500002 -0.64300001 -0.61500001 -0.58999997 -0.56199998 -0.53100002 -0.493 -0.44400001 -0.37900001 1 1 1 1 1 1 1 1 
1 1 1 1 1 1 1 1 1 1 1 -0.38 -0.44499999 -0.48199999 -0.51099998 -0.52700001 -0.542 -0.55400002 -0.56599998 -0.56999999 -0.57099998 -0.574 -0.57300001 -0.57700002 -0.579 -0.57800001 -0.574 -0.56800002 -0.55900002 -0.56699997 -0.62 -0.67000002 -0.704 -0.72299999 -0.72899997 -0.736 -0.74599999 -0.755 -0.75800002 -0.75300002 -0.74199998 -0.73400003 -0.73000002 -0.71899998 -0.70700002 -0.69300002 -0.68099999 -0.66000003 -0.63300002 -0.60500002 -0.58200002 -0.55800003 -0.53100002 -0.49200001 -0.44100001 -0.37599999 -0.25999999 1 1 1 1 1 1 1 
1 1 1 1 1 1 1 1 1 1 1 -0.30899999 -0.398 -0.447 -0.48199999 -0.50199997 -0.51700002 -0.53100002 -0.542 -0.54699999 -0.54900002 -0.55000001 -0.55699998 -0.56999999 -0.57499999 -0.57300001 -0.57300001 -0.56699997 -0.55500001 -0.55500001 -0.59799999 -0.65100002 -0.69400001 -0.71399999 -0.72000003 -0.72600001 -0.73799998 -0.74900001 -0.75099999 -0.74599999 -0.736 -0.73199999 -0.72899997 -0.71700001 -0.70300001 -0.68800002 -0.67000002 -0.65200001 -0.62099999 -0.59200001 -0.56999999 -0.55500001 -0.52600002 -0.48800001 -0.43799999 -0.375 -0.32499999 -0.34599999 -0.34599999 -0.32600001 1 1 1 1 
1 1 1 1 1 1 1 1 1 1 1 1 -0.30399999 -0.38499999 -0.433 -0.46399999 -0.486 -0.50099999 -0.51300001 -0.523 -0.52700001 -0.528 -0.542 -0.55599999 -0.56699997 -0.57200003 -0.57099998 -0.56300002 -0.551 -0.54400003 -0.579 -0.63200003 -0.68199998 -0.704 -0.713 -0.71799999 -0.72600001 -0.73500001 -0.73799998 -0.73699999 -0.73299998 -0.72799999 -0.722 -0.71399999 -0.69800001 -0.68199998 -0.66399997 -0.64099997 -0.61000001 -0.58700001 -0.56900001 -0.55199999 -0.52600002 -0.48800001 -0.43399999 -0.38800001 -0.382 -0.389 -0.384 -0.37 -0.32699999 1 1 1 
1 1 1 1 1 1 1 1 1 1 1 1 1 -0.30899999 -0.37 -0.41 -0.44 -0.46200001 -0.47600001 -0.49000001 -0.5 -0.50199997 -0.52200001 -0.54900002 -0.56199998 -0.56999999 -0.56699997 -0.55699998 -0.54400003 -0.53600001 -0.56300002 -0.61400002 -0.66500002 -0.69099998 -0.70599997 -0.71700001 -0.72500002 -0.73100001 -0.73400003 -0.73699999 -0.73400003 -0.72899997 -0.722 -0.70999998 -0.69300002 -0.676 -0.65600002 -0.62900001 -0.61000001 -0.58999997 -0.57099998 -0.551 -0.52700001 -0.486 -0.42899999 -0.40900001 -0.412 -0.41600001 -0.40799999 -0.39199999 -0.354 1 1 1 
1 1 1 1 1 1 1 1 1 1 1 1 1 1 -0.27700001 -0.34799999 -0.37900001 -0.403 -0.42300001 -0.43799999 -0.454 -0.47799999 -0.51200002 -0.542 -0.55699998 -0.565 -0.56099999 -0.55199999 -0.537 -0.52899998 -0.55299997 -0.59899998 -0.64700001 -0.67900002 -0.70099998 -0.71600002 -0.72299999 -0.72899997 -0.73100001 -0.73400003 -0.73699999 -0.72899997 -0.71899998 -0.70499998 -0.68400002 -0.66399997 -0.64600003 -0.63 -0.61000001 -0.58899999 -0.56900001 -0.55000001 -0.52100003 -0.47600001 -0.42899999 -0.426 -0.435 -0.43399999 -0.42300001 -0.40200001 -0.36000001 1 1 1 
1 1 1 1 1 1 1 1 1 1 1 1 1 1 1 1 -0.285 -0.32800001 -0.352 -0.37200001 -0.40099999 -0.45699999 -0.50300002 -0.53600001 -0.55199999 -0.56 -0.55400002 -0.54500002 -0.53100002 -0.523 -0.54799998 -0.59200001 -0.63800001 -0.671 -0.69300002 -0.70899999 -0.72100002 -0.722 -0.722 -0.72600001 -0.727 -0.72100002 -0.70999998 -0.69400001 -0.676 -0.66000003 -0.64700001 -0.63200003 -0.60799998 -0.58700001 -0.56199998 -0.54299998 -0.509 -0.463 -0.44400001 -0.44800001 -0.45100001 -0.44299999 -0.428 -0.40099999 -0.35600001 1 1 1 
1 1 1 1 1 1 1 1 1 1 1 1 1 1 1 1 1 1 1 -0.215 -0.32800001 -0.44999999 -0.50099999 -0.53500003 -0.54799998 -0.55199999 -0.54699999 -0.53799999 -0.52499998 -0.51899999 -0.54299998 -0.588 -0.63200003 -0.667 -0.68199998 -0.69499999 -0.70700002 -0.70700002 -0.70999998 -0.71399999 -0.708 -0.70499998 -0.69599998 -0.68900001 -0.67299998 -0.65600002 -0.64399999 -0.625 -0.59899998 -0.57499999 -0.55199999 -0.53100002 -0.491 -0.45500001 -0.454 -0.46000001 -0.456 -0.44400001 -0.42500001 -0.39399999 -0.34400001 1 1 1 
1 1 1 1 1 1 1 1 1 1 1 1 1 1 1 1 1 1 1 -0.148 -0.226 -0.44299999 -0.50199997 -0.53299999 -0.546 -0.54900002 -0.54299998 -0.53100002 -0.51999998 -0.51599997 -0.54400003 -0.58700001 -0.62099999 -0.65499997 -0.671 -0.68300003 -0.69099998 -0.70099998 -0.70899999 -0.71499997 -0.70499998 -0.69999999 -0.69300002 -0.68199998 -0.66299999 -0.64700001 -0.63499999 -0.61299998 -0.58099997 -0.55800003 -0.53600001 -0.50700003 -0.47099999 -0.45699999 -0.463 -0.465 -0.45899999 -0.43799999 -0.414 -0.377 -0.31600001 1 1 1 
1 1 1 1 1 1 1 1 1 1 1 1 1 1 1 1 1 1 1 -0.17399999 -0.22499999 -0.46200001 -0.52100003 -0.53299999 -0.542 -0.54500002 -0.54100001 -0.53200001 -0.52700001 -0.54299998 -0.57200003 -0.58600003 -0.61500001 -0.64099997 -0.65700001 -0.67000002 -0.67900002 -0.68800002 -0.699 -0.70099998 -0.69700003 -0.69199997 -0.685 -0.667 -0.64700001 -0.62900001 -0.61199999 -0.58600003 -0.55900002 -0.53799999 -0.52100003 -0.486 -0.458 -0.461 -0.465 -0.46200001 -0.44800001 -0.42300001 -0.391 -0.35299999 1 1 1 1 
1 1 1 1 1 1 1 1 1 1 1 1 1 1 1 1 1 1 1 -0.197 -0.45899999 -0.52999997 -0.53200001 -0.54400003 -0.54799998 -0.54799998 -0.55000001 -0.546 -0.58200002 -0.60699999 -0.63200003 -0.64399999 -0.63800001 -0.639 -0.63999999 -0.65399998 -0.65899998 -0.66399997 -0.67000002 -0.67500001 -0.67699999 -0.67299998 -0.66500002 -0.64700001 -0.62300003 -0.602 -0.58099997 -0.56300002 -0.54500002 -0.52999997 -0.50199997 -0.46200001 -0.45500001 -0.461 -0.45899999 -0.45199999 -0.428 -0.39700001 -0.359 1 1 1 1 1 
1 1 1 1 1 1 1 1 1 1 1 1 1 1 1 1 1 -0.191 -0.55199999 -0.57300001 -0.574 -0.57099998 -0.56599998 -0.56199998 -0.56 -0.55800003 -0.56 -0.58999997 -0.625 -0.65600002 -0.671 -0.685 -0.68000001 -0.66900003 -0.66000003 -0.64899999 -0.63700002 -0.63499999 -0.63700002 -0.63999999 -0.64300001 -0.64499998 -0.63700002 -0.62 -0.60600001 -0.588 -0.57800001 -0.56199998 -0.542 -0.51599997 -0.47299999 -0.44600001 -0.44800001 -0.44800001 -0.442 -0.417 -0.38999999 -0.352 1 1 1 1 1 1 
1 1 1 1 1 1 1 1 1 1 1 1 1 1 1 -0.189 -0.22 -0.54500002 -0.588 -0.60399997 -0.60600001 -0.60399997 -0.59600002 -0.58700001 -0.579 -0.56999999 -0.583 -0.62400001 -0.66000003 -0.67500001 -0.69499999 -0.70099998 -0.69599998 -0.68599999 -0.67500001 -0.66399997 -0.65399998 -0.64300001 -0.634 -0.62599999 -0.62099999 -0.616 -0.611 -0.60699999 -0.60299999 -0.59600002 -0.58499998 -0.56699997 -0.537 -0.491 -0.44600001 -0.43099999 -0.42899999 -0.421 -0.40099999 -0.368 -0.32600001 1 1 1 1 1 1 1 
1 1 1 1 1 1 1 1 1 1 1 1 1 1 -0.178 -0.22 -0.50999999 -0.57700002 -0.60600001 -0.62300003 -0.62300003 -0.616 -0.60600001 -0.597 -0.588 -0.57800001 -0.602 -0.64600003 -0.67299998 -0.69400001 -0.70599997 -0.708 -0.69999999 -0.69 -0.67900002 -0.66799998 -0.65799999 -0.64899999 -0.63800001 -0.63 -0.62300003 -0.616 -0.611 -0.60699999 -0.60299999 -0.59299999 -0.583 -0.56099999 -0.51099998 -0.44100001 -0.417 -0.40900001 -0.39300001 -0.37 -0.329 1 1 1 1 1 1 1 1 1 
1 1 1 1 1 1 1 1 1 1 1 1 1 1 -0.207 -0.244 -0.52899998 -0.58899999 -0.61199999 -0.62599999 -0.625 -0.62199998 -0.61400002 -0.60399997 -0.59299999 -0.58499998 -0.611 -0.64600003 -0.67400002 -0.69800001 -0.70700002 -0.70899999 -0.699 -0.68900001 -0.67900002 -0.66900003 -0.65700001 -0.64899999 -0.63999999 -0.63099998 -0.62300003 -0.61699998 -0.61199999 -0.60699999 -0.60000002 -0.58899999 -0.56699997 -0.51499999 -0.43000001 -0.39399999 -0.36399999 -0.345 -0.303 1 1 1 1 1 1 1 1 1 1 1 
1 1 1 1 1 1 1 1 1 1 1 1 1 1 -0.20200001 -0.244 -0.49000001 -0.56400001 -0.58700001 -0.59600002 -0.602 -0.59399998 -0.583 -0.57099998 -0.57300001 -0.56400001 -0.55199999 -0.58700001 -0.60600001 -0.62900001 -0.64600003 -0.65399998 -0.66000003 -0.65700001 -0.64999998 -0.61799997 -0.61900002 -0.62099999 -0.61799997 -0.60900003 -0.60100001 -0.59299999 -0.523 -0.52200001 -0.52999997 -0.50599998 -0.384 -0.34999999 -0.30599999 -0.271 1 1 1 1 1 1 1 1 1 1 1 1 1 1 
1 1 1 1 1 1 1 1 1 1 1 1 1 1 1 1 1 1 1 1 1 1 1 1 1 1 1 1 1 1 1 1 1 1 1 1 1 1 1 1 1 1 1 1 1 1 1 1 1 1 1 1 1 1 1 1 1 1 1 1 1 1 1 1 
1 1 1 1 1 1 1 1 1 1 1 1 1 1 1 1 1 1 1 1 1 1 1 1 1 1 1 1 1 1 1 1 1 1 1 1 1 1 1 1 1 1 1 1 1 1 1 1 1 1 1 1 1 1 1 1 1 1 1 1 1 1 1 1 
1 1 1 1 1 1 1 1 1 1 1 1 1 1 1 1 1 1 1 1 1 1 1 1 1 1 1 1 1 1 1 1 1 1 1 1 1 1 1 1 1 1 1 1 1 1 1 1 1 1 1 1 1 1 1 1 1 1 1 1 1 1 1 1 
1 1 1 1 1 1 1 1 1 1 1 1 1 1 1 1 1 1 1 1 1 1 1 1 1 1 1 1 1 1 1 1 1 1 1 1 1 1 1 1 1 1 1 1 1 1 1 1 1 1 1 1 1 1 1 1 1 1 1 1 1 1 1 1 
